-0.98338 -0.38296
-0.94480 -0.08793
-0.94445 -0.26582
-0.92722 -0.27947
-0.89282 -0.34666
-0.86340 -0.08729
-0.84326 -0.18667
-0.80921 -0.04289
-0.70674  0.09262
-0.70269  0.37653
-0.68644  0.18311
-0.67109 -0.00458
-0.59109  0.37900
-0.55978  0.35037
-0.45075  0.79766
-0.30376  0.41331
-0.21599  0.89018
-0.19724  0.83994
-0.11269  0.89257
-0.06115  0.93947
-0.06028  0.84408
-0.04265  0.90260
 0.02378  1.10640
 0.07575  0.96440
 0.11861  0.85218
 0.16045  0.86090
 0.16970  1.09008
 0.17281  0.98760
 0.21607  0.92294
 0.40282  0.61986
 0.43388  0.60067
 0.45179  0.60572
 0.65562  0.11356
 0.67477  0.27368
 0.74527  0.12938
 0.76070 -0.09866
 0.82541 -0.13499
 0.92481 -0.34252
 0.93113 -0.29388
 0.96010 -0.34560
