3
2

        0.4592065424         0.5407934576 

               -0.30                -4.01                 0.78 

               16.85                 0.05               -13.92 
                0.05                 1.27                -0.03 
              -13.92                -0.03                13.69 



               -0.78                 4.02                -0.92 

                7.17                -0.02                 8.57 
               -0.02                 1.31                -0.07 
                8.57                -0.07                13.48 



