3
2

        0.5000000000         0.5000000000 

                5.30                -4.26                -0.59 

                2.27                 1.25                 1.85 
               -2.61                 1.39                 2.26 
                0.09                -3.73                 2.40 



                1.27                 4.91                 4.50 

                2.27                 1.25                 1.85 
               -2.61                 1.39                 2.26 
                0.09                -3.73                 2.40 



