2
4

                0.30                 0.30                 0.20                 0.20 

                2.00                 2.00 

                1.00                 0.00 
                0.00                 1.00 



               -2.00                 2.00 

                1.00                 0.00 
                0.00                 1.00 



               -2.00                -2.00 

                9.86                 3.90 
                3.90                 1.64 



               -2.00                -2.00 

                0.26                 0.10 
                0.10                 0.26 



